112 16 16 16 16 16 16 16 16 16 16 16 16 16 16 16 16 16 16 16 16 16 16 16 16 16 16 16 16 16 16 16 16 16 16 16 16 16 16 16 16 16 16 16 16 01
17  03 03 03 03 03 03 03 03 03 03 01 03 03 03 03 03 03 03 03 03 03 03 03 03 03 03 03 03 03 03 01 00 00 00 00 00 00 00 00 00 00 00 00 00 01
17  03 03 03 03 03 03 03 03 03 03 01 03 03 03 03 03 03 03 03 03 03 03 03 03 03 03 03 03 03 03 01 00 00 00 00 00 00 00 00 00 00 00 00 00 01
17  03 03 03 03 03 03 03 03 03 03 01 03 03 03 03 03 03 03 03 03 03 03 03 03 03 03 03 03 03 03 01 00 00 00 00 00 00 00 00 00 00 00 00 00 01
17  03 03 03 03 03 03 03 03 03 03 01 03 03 03 03 03 03 03 03 03 03 03 03 03 03 03 03 03 03 03 01 00 00 00 00 00 00 00 00 00 00 00 00 00 01
17  03 03 03 03 03 03 03 03 03 03 01 03 03 03 03 03 03 03 03 03 03 03 03 03 03 03 03 03 03 03 01 00 00 00 00 00 00 00 00 00 00 00 00 00 01
17  03 03 03 03 03 03 03 03 03 03 01 03 03 03 03 03 03 03 03 03 03 03 03 03 03 03 03 03 03 03 01 00 00 00 00 00 00 00 00 00 00 00 00 00 01
17  03 03 03 03 03 03 03 03 03 03 01 03 03 03 03 03 03 03 03 03 03 03 03 03 03 03 03 03 03 03 01 00 00 00 00 00 00 00 00 00 00 00 00 00 01
17  03 03 03 03 03 03 03 03 03 03 01 03 03 03 03 03 03 03 03 03 03 03 03 03 03 03 03 03 03 03 01 00 00 00 00 00 00 00 00 00 00 00 00 00 01
17  03 03 03 03 03 03 03 03 03 03 01 03 03 03 03 03 03 03 03 03 03 03 03 03 03 03 03 03 03 03 01 00 00 00 00 00 00 00 00 00 00 00 00 00 01
17  03 03 03 03 03 03 03 03 03 03 01 03 03 03 03 03 03 03 03 03 03 03 03 03 03 03 03 03 03 03 01 00 00 00 00 00 00 00 00 00 00 00 00 00 01
17  03 03 03 03 03 03 03 03 03 03 01 03 03 03 03 03 03 03 03 03 03 03 03 03 03 03 03 03 03 03 01 00 00 00 00 00 00 00 00 00 00 00 00 00 01
17  03 03 03 03 03 03 03 03 03 03 01 03 03 03 03 03 03 03 03 03 03 03 03 03 03 03 03 03 03 03 01 00 00 00 00 00 00 00 00 00 00 00 00 00 01
17  00 00 00 00 00 00 00 00 00 00 01 01 01 01 01 01 01 01 01 01 01 01 01 01 01 01 01 01 01 01 01 01 01 01 01 01 01 01 01 01 01 01 01 01 01
17  00 00 00 00 00 00 00 00 00 00 01 00 00 00 00 00 00 00 00 00 00 00 00 00 00 00 00 00 00 00 00 00 00 00 00 00 00 00 00 00 00 00 00 00 01
17  00 00 00 00 00 00 00 00 00 00 01 00 00 00 00 00 00 00 00 00 00 00 00 00 00 00 00 00 00 00 00 00 00 00 00 00 00 00 00 00 00 00 00 00 01
17  00 00 00 00 00 00 00 00 00 00 01 00 00 00 00 00 00 00 00 00 00 00 00 00 00 00 00 00 00 00 00 00 00 00 00 00 00 00 00 00 00 00 00 00 01
17  00 00 00 00 00 00 00 00 00 00 01 00 00 00 00 00 00 00 00 00 00 00 00 00 00 00 00 00 00 00 00 00 00 00 00 00 00 00 00 00 00 00 00 00 01
17  00 00 00 00 00 00 00 00 00 00 01 00 00 00 00 00 00 00 00 00 00 00 00 00 00 00 00 00 00 00 00 00 00 00 00 00 00 00 00 00 00 00 00 00 01
17  00 00 00 00 00 00 00 00 00 00 01 00 00 00 00 00 00 00 00 00 00 00 00 00 00 00 00 00 00 00 00 00 00 00 00 00 00 00 00 00 00 00 00 00 01
17  00 00 00 00 00 00 00 00 00 00 01 00 00 00 00 00 00 00 00 00 00 00 00 00 00 00 00 00 00 00 00 00 00 00 00 00 00 00 00 00 00 00 00 00 01
17  00 00 00 00 00 00 00 00 00 00 01 00 00 00 00 00 00 00 00 00 00 00 00 00 00 00 00 00 00 00 00 00 00 00 00 00 00 00 00 00 00 00 00 00 01
17  00 00 00 00 00 00 00 00 00 00 01 00 00 00 00 00 00 00 00 00 00 00 00 00 00 00 00 00 00 00 00 00 00 00 00 00 00 00 00 00 00 00 00 00 01
17  00 00 00 00 00 00 00 00 00 00 01 00 00 00 00 00 00 00 00 00 00 00 00 00 00 00 00 00 00 00 00 00 00 00 00 00 00 00 00 00 00 00 00 00 01
17  00 00 00 00 00 00 00 00 00 00 01 00 00 00 00 00 00 00 00 00 00 00 00 00 00 00 00 00 00 00 00 00 00 00 00 00 00 00 00 00 00 00 00 00 01
17  00 00 00 00 00 00 00 00 00 00 01 00 00 00 00 00 00 00 00 00 00 00 00 00 00 00 00 00 00 00 00 00 00 00 00 00 00 00 00 00 00 00 00 00 01
17  00 00 00 00 00 00 00 00 00 00 01 00 00 00 00 00 00 00 00 00 00 00 00 00 00 00 00 00 00 00 00 00 00 00 00 00 00 00 00 00 00 00 00 00 01
17  00 00 00 00 00 00 00 00 00 00 01 00 00 00 00 00 00 00 00 00 00 00 00 00 00 00 00 00 00 00 00 00 00 00 00 00 00 00 00 00 00 00 00 00 01
17  00 00 00 00 00 00 00 00 00 00 01 00 00 00 00 00 00 00 00 00 00 00 00 00 00 00 00 00 00 00 00 00 00 00 00 00 00 00 00 00 00 00 00 00 01
17  00 00 00 00 00 00 00 00 00 00 01 00 00 00 00 00 00 00 00 00 00 00 00 00 00 00 00 00 00 00 00 00 00 00 00 00 00 00 00 00 00 00 00 00 01
17  00 00 00 00 00 00 00 00 00 00 01 00 00 00 00 00 00 00 00 00 00 00 00 00 00 00 00 00 00 00 00 00 00 00 00 00 00 00 00 00 00 00 00 00 01
17  01 01 01 01 01 01 01 01 01 01 01 01 01 01 01 01 01 01 01 01 01 01 01 01 01 01 01 01 01 01 01 01 01 01 01 01 01 01 01 01 01 01 01 01 01